0 0.3125 0.4140625 0.040625 0.0453125
0 0.728125 0.509375 0.10625 0.153125
0 0.8828125 0.5796875 0.0390625 0.059375
0 0.7828125 0.4453125 0.046875 0.046875
0 0.796875 0.4984375 0.0296875 0.040625
0 0.846875 0.41875 0.034375 0.05
0 0.7796875 0.390625 0.0328125 0.04375
0 0.8046875 0.3421875 0.0359375 0.059375
0 0.896875 0.4015625 0.05 0.06875
0 0.940625 0.4578125 0.05 0.046875
0 0.8671875 0.503125 0.05 0.04375
0 0.5109375 0.9 0.1140625 0.159375
0 0.59375 0.9640625 0.0515625 0.03125
0 0.4828125 0.975 0.0375 0.03125
0 0.840625 0.9328125 0.046875 0.05