0 0.234375 0.0484375 0.0546875 0.0859375
0 0.35859375 0.0265625 0.0640625 0.053125
0 0.2609375 0.1125 0.071875 0.0515625
0 0.3015625 0.071875 0.0453125 0.0359375
0 0.2828125 0.3359375 0.053125 0.040625
0 0.9828125 0.075 0.034375 0.109375
0 0.9296875 0.1515625 0.115625 0.090625
0 0.921875 0.071875 0.0859375 0.09375
0 0.390625 0.925 0.053125 0.0484375
0 0.3890625 0.875 0.0390625 0.034375
0 0.2859375 0.89375 0.0609375 0.05625
0 0.4484375 0.93125 0.0703125 0.0640625
0 0.46171875 0.8875 0.0546875 0.05