0 0.128125 0.265625 0.10625 0.153125
0 0.2828125 0.3359375 0.0390625 0.059375
0 0.1828125 0.2015625 0.046875 0.046875
0 0.196875 0.2546875 0.0296875 0.040625
0 0.246875 0.175 0.034375 0.05
0 0.1796875 0.146875 0.0328125 0.04375
0 0.2046875 0.0984375 0.0359375 0.059375
0 0.296875 0.1578125 0.05 0.06875
0 0.340625 0.2140625 0.05 0.046875
0 0.2671875 0.259375 0.05 0.04375
0 0.93828125 0.30390625 0.1234375 0.1171875
0 0.053125 0.890625 0.0390625 0.0390625
0 0.8578125 0.734375 0.06875 0.0296875
0 0.6171875 0.6296875 0.053125 0.046875
0 0.546875 0.609375 0.0453125 0.0328125
1 0.46484375 0.59296875 0.0921875 0.0671875