0 0.3078125 0.2546875 0.2125 0.184375
0 0.540625 0.3546875 0.0375 0.046875
0 0.5734375 0.4234375 0.053125 0.040625
0 0.525 0.48125 0.0421875 0.0484375
0 0.57421875 0.50859375 0.0421875 0.0421875
0 0.6171875 0.4953125 0.03125 0.046875
0 0.6828125 0.4953125 0.03125 0.040625
0 0.6734375 0.5234375 0.034375 0.0125
0 0.6609375 0.4515625 0.034375 0.0484375
0 0.6375 0.4109375 0.0328125 0.0359375
0 0.69375 0.3828125 0.10625 0.1375
0 0.41875 0.6609375 0.115625 0.0703125
0 0.7140625 0.765625 0.0921875 0.084375