0 0.4921875 0.403125 0.034375 0.071875
0 0.01953125 0.28203125 0.0390625 0.1328125
0 0.5953125 0.2109375 0.1015625 0.1046875
0 0.8015625 0.178125 0.1234375 0.1125
0 0.8625 0.084375 0.1265625 0.1
0 0.6359375 0.1234375 0.1234375 0.125
0 0.59921875 0.01328125 0.1140625 0.0265625
0 0.72734375 0.053125 0.1640625 0.10625
1 0.6609375 0.09375 0.303125 0.1875
0 0.575 0.07421875 0.13125 0.1484375
0 0.1609375 0.575 0.1578125 0.0875
0 0.13515625 0.7171875 0.2703125 0.196875
0 0.2 0.89375 0.1609375 0.1546875