0 0.39609375 0.46875 0.1671875 0.16875
0 0.6703125 0.1328125 0.075 0.09375
0 0.60625 0.2171875 0.0921875 0.0796875
0 0.65625 0.259375 0.0921875 0.065625
0 0.9328125 0.43125 0.06875 0.0453125
0 0.9734375 0.44375 0.05 0.01875
0 0.26875 0.8953125 0.1015625 0.1046875
0 0.44609375 0.8625 0.0671875 0.1125
0 0.309375 0.8078125 0.1234375 0.125
0 0.2734375 0.6546875 0.1140625 0.1140625
0 0.39921875 0.68984375 0.1609375 0.2015625
1 0.303125 0.73046875 0.353125 0.2828125
0 0.2203125 0.7515625 0.1890625 0.1625
0 0.77421875 0.63828125 0.1671875 0.0984375