0 0.0953125 0.225 0.040625 0.0671875
0 0.0921875 0.2828125 0.034375 0.046875
0 0.1359375 0.3265625 0.05 0.053125
0 0.175 0.2703125 0.0375 0.05625
0 0.2125 0.228125 0.0515625 0.0765625
0 0.2671875 0.259375 0.05 0.0546875
0 0.2296875 0.334375 0.06875 0.0515625
0 0.278125 0.4 0.05 0.0390625
0 0.178125 0.3671875 0.0421875 0.0390625
0 0.125 0.4078125 0.125 0.14375
0 0.7234375 0.02421875 0.053125 0.0484375
0 0.5078125 0.21875 0.0640625 0.0578125
0 0.5703125 0.134375 0.0578125 0.0625
0 0.553125 0.0625 0.05 0.0421875