0 0.0953125 0.11875 0.10625 0.153125
0 0.25 0.1890625 0.0390625 0.059375
0 0.15 0.0546875 0.046875 0.046875
0 0.1640625 0.1078125 0.0296875 0.040625
0 0.2140625 0.028125 0.034375 0.05
0 0.14609375 0.0109375 0.0328125 0.021875
0 0.2640625 0.02265625 0.05 0.0453125
0 0.3078125 0.0671875 0.05 0.046875
0 0.234375 0.1125 0.05 0.04375
0 0.753125 0.2953125 0.0515625 0.0625
0 0.809375 0.3578125 0.0734375 0.03125
0 0.3390625 0.628125 0.1125 0.1234375
0 0.234375 0.6359375 0.0984375 0.1203125
0 0.6796875 0.46875 0.1109375 0.1015625