0 0.4078125 0.36875 0.040625 0.0671875
0 0.4046875 0.4265625 0.034375 0.046875
0 0.4484375 0.4703125 0.05 0.053125
0 0.4875 0.4140625 0.0375 0.05625
0 0.525 0.371875 0.0515625 0.0765625
0 0.53359375 0.47734375 0.0515625 0.0515625
0 0.48984375 0.5046875 0.0421875 0.028125
0 0.4375 0.49921875 0.125 0.0390625
0 0.6078125 0.134375 0.0546875 0.0453125
0 0.7421875 0.1078125 0.0484375 0.0453125
0 0.3578125 0.8546875 0.1796875 0.1890625
0 0.3875 0.55 0.0703125 0.0515625
0 0.5328125 0.55625 0.053125 0.04375
0 0.7796875 0.54921875 0.04375 0.0609375
0 0.93203125 0.66328125 0.1359375 0.0640625