0 0.3734375 0.20234375 0.009375 0.0828125
0 0.4984375 0.01953125 0.034375 0.0390625
0 0.575 0.0890625 0.090625 0.0703125
0 0.540625 0.9109375 0.10625 0.153125
0 0.69453125 0.97578125 0.0390625 0.0484375
0 0.5953125 0.846875 0.046875 0.046875
0 0.609375 0.9 0.0296875 0.040625
0 0.659375 0.8203125 0.034375 0.05
0 0.5921875 0.7921875 0.0328125 0.04375
0 0.6171875 0.74375 0.0359375 0.059375
0 0.965625 0.61875 0.040625 0.05625
0 0.709375 0.803125 0.05 0.06875
0 0.753125 0.859375 0.05 0.046875
0 0.6796875 0.9046875 0.05 0.04375