0 0.096875 0.20625 0.053125 0.0484375
0 0.0953125 0.15625 0.0390625 0.034375
0 0.0109375 0.175 0.021875 0.05625
0 0.1546875 0.2125 0.0703125 0.0640625
0 0.1890625 0.16875 0.0953125 0.05
0 0.8984375 0.1375 0.0640625 0.040625
0 0.1546875 0.89375 0.121875 0.1328125
0 0.58984375 0.49140625 0.0796875 0.0453125
0 0.6375 0.6140625 0.0625 0.1046875
0 0.5953125 0.5640625 0.0578125 0.0859375
0 0.53125 0.575 0.046875 0.059375
0 0.36015625 0.65390625 0.1015625 0.0421875
0 0.34453125 0.73125 0.0703125 0.04375