0 0.425 0.36875 0.2453125 0.1828125
0 0.91796875 0.0390625 0.1390625 0.078125
0 0.3796875 0.7015625 0.053125 0.0953125
0 0.3953125 0.76875 0.0421875 0.0703125
0 0.4609375 0.79375 0.05625 0.06875
0 0.5453125 0.7828125 0.028125 0.075
0 0.4875 0.7234375 0.0515625 0.0859375
0 0.5140625 0.659375 0.05 0.1078125
0 0.5265625 0.828125 0.05625 0.0453125
0 0.48203125 0.90625 0.1546875 0.184375
0 0.5875 0.6015625 0.0390625 0.040625
0 0.5640625 0.50390625 0.009375 0.0296875
0 0.6375 0.809375 0.0421875 0.028125