0 0.2234375 0.0671875 0.090625 0.0515625
0 0.18125 0.2125 0.09375 0.0703125
0 0.3546875 0.1 0.0421875 0.0484375
1 0.4078125 0.04375 0.084375 0.04375
0 0.909375 0.1484375 0.1328125 0.05625
1 0.0984375 0.9609375 0.184375 0.078125
0 0.1109375 0.90625 0.05625 0.0625
0 0.0671875 0.8640625 0.0515625 0.065625
0 0.1609375 0.8375 0.0546875 0.0765625
0 0.2453125 0.9109375 0.0703125 0.0703125
0 0.3171875 0.97734375 0.059375 0.0453125
0 0.28125 0.815625 0.0515625 0.0890625
0 0.2015625 0.778125 0.0546875 0.1125