0 0.39609375 0.02578125 0.1453125 0.0515625
0 0.80234375 0.0578125 0.1546875 0.115625
0 0.65625 0.0828125 0.1171875 0.1265625
0 0.578125 0.24375 0.1484375 0.103125
0 0.8515625 0.3234375 0.1390625 0.11875
0 0.0171875 0.46953125 0.034375 0.0609375
0 0.03515625 0.5625 0.0703125 0.103125
0 0.0671875 0.6234375 0.028125 0.034375
0 0.1078125 0.5953125 0.0703125 0.05625
0 0.1109375 0.6453125 0.053125 0.0546875
0 0.625 0.6265625 0.1546875 0.1234375
0 0.590625 0.784375 0.1703125 0.1515625
1 0.67109375 0.91875 0.1546875 0.1625