0 0.27890625 0.428125 0.1015625 0.14375
0 0.1125 0.390625 0.171875 0.1625
1 0.1671875 0.32109375 0.325 0.3578125
0 0.6359375 0.2078125 0.1625 0.1046875
0 0.7609375 0.0984375 0.1203125 0.1109375
0 0.71328125 0.02265625 0.1015625 0.0453125
0 0.70625 0.3078125 0.115625 0.096875
0 0.4765625 0.1734375 0.1328125 0.115625
0 0.56796875 0.078125 0.1828125 0.15625
1 0.5453125 0.17265625 0.271875 0.3453125
0 0.0765625 0.73828125 0.153125 0.2015625
0 0.90390625 0.609375 0.1921875 0.15
0 0.653125 0.6 0.275 0.2
1 0.64609375 0.51953125 0.5109375 0.0390625