0 0.7875 0.1984375 0.1890625 0.215625
1 0.2203125 0.6578125 0.1421875 0.1703125
0 0.078125 0.571875 0.0390625 0.05625
0 0.0875 0.6515625 0.05625 0.0453125
0 0.01796875 0.69296875 0.0359375 0.0546875
0 0.109375 0.7390625 0.0390625 0.065625
0 0.171875 0.76875 0.0359375 0.05
0 0.146875 0.8140625 0.0375 0.075
0 0.05625 0.7546875 0.05 0.084375
0 0.3875 0.8015625 0.025 0.028125
0 0.3984375 0.84375 0.025 0.0203125
0 0.471875 0.871875 0.0234375 0.028125
0 0.6140625 0.7921875 0.0328125 0.034375
0 0.921875 0.7859375 0.040625 0.0125