0 0.053125 0.25625 0.103125 0.1171875
0 0.24375 0.221875 0.1078125 0.0625
0 0.4703125 0.465625 0.0328125 0.053125
0 0.5921875 0.090625 0.0375 0.046875
0 0.625 0.159375 0.053125 0.040625
0 0.5765625 0.2171875 0.0421875 0.0484375
0 0.6265625 0.2578125 0.0421875 0.06875
0 0.66875 0.23125 0.03125 0.046875
0 0.734375 0.23125 0.03125 0.040625
0 0.725 0.28125 0.034375 0.0546875
0 0.7125 0.1875 0.034375 0.0484375
0 0.6890625 0.146875 0.0328125 0.0359375
0 0.7453125 0.11875 0.10625 0.1375
0 0.1265625 0.5875 0.0625 0.046875