0 0.803125 0.278125 0.10625 0.153125
0 0.9578125 0.3484375 0.0390625 0.059375
0 0.8578125 0.2140625 0.046875 0.046875
0 0.871875 0.2671875 0.0296875 0.040625
0 0.921875 0.1875 0.034375 0.05
0 0.8546875 0.159375 0.0328125 0.04375
0 0.8796875 0.1109375 0.0359375 0.059375
0 0.971875 0.1703125 0.05 0.06875
0 0.9421875 0.271875 0.05 0.04375
0 0.2578125 0.671875 0.0703125 0.0609375
0 0.365625 0.715625 0.053125 0.0484375
0 0.365625 0.66875 0.0359375 0.0375
0 0.425 0.7203125 0.071875 0.0671875
0 0.4640625 0.68125 0.0921875 0.05625