0 0.1203125 0.3828125 0.034375 0.0125
0 0.8234375 0.025 0.034375 0.046875
0 0.8671875 0.06875 0.05 0.053125
0 0.90625 0.0203125 0.0375 0.040625
0 0.98671875 0.0140625 0.0265625 0.028125
0 0.9609375 0.0765625 0.06875 0.0515625
0 0.9921875 0.14140625 0.015625 0.0390625
0 0.909375 0.109375 0.0421875 0.0390625
0 0.85625 0.159375 0.125 0.1625
0 0.2734375 0.709375 0.03125 0.040625
0 0.4359375 0.709375 0.071875 0.059375
0 0.271875 0.7984375 0.0546875 0.0296875
0 0.371875 0.928125 0.05625 0.05
0 0.2625 0.971875 0.05625 0.0453125