0 0.04140625 0.08515625 0.0828125 0.1703125
0 0.7859375 0.5265625 0.0453125 0.059375
0 0.7515625 0.36875 0.0453125 0.0375
0 0.78125 0.4578125 0.0359375 0.028125
0 0.7890625 0.3890625 0.0328125 0.040625
0 0.02890625 0.9640625 0.0578125 0.071875
0 0.059375 0.940625 0.046875 0.046875
0 0.07265625 0.98671875 0.0296875 0.0265625
0 0.1234375 0.9140625 0.034375 0.05
0 0.05625 0.8859375 0.0328125 0.04375
0 0.08125 0.8375 0.0359375 0.059375
0 0.1734375 0.896875 0.05 0.06875
0 0.2171875 0.953125 0.05 0.046875
0 0.14375 0.98828125 0.05 0.0234375