0 0.2921875 0.371875 0.1484375 0.1328125
0 0.2859375 0.234375 0.234375 0.1390625
0 0.46015625 0.0203125 0.1171875 0.040625
0 0.47890625 0.0625 0.0796875 0.121875
1 0.21640625 0.15078125 0.4328125 0.3015625
0 0.825 0.05703125 0.159375 0.1140625
0 0.9359375 0.190625 0.0671875 0.13125
0 0.278125 0.734375 0.1015625 0.1046875
0 0.4703125 0.7015625 0.096875 0.1125
0 0.5 0.6078125 0.0375 0.1
0 0.31875 0.646875 0.1234375 0.125
0 0.41015625 0.58984375 0.1640625 0.0796875
1 0.315625 0.63046875 0.359375 0.1609375
0 0.22890625 0.6109375 0.1890625 0.121875
0 0.809375 0.61953125 0.24375 0.1390625