0 0.6828125 0.45 0.10625 0.153125
0 0.8375 0.5203125 0.0390625 0.059375
0 0.7375 0.3859375 0.046875 0.046875
0 0.7515625 0.4390625 0.0296875 0.040625
0 0.8015625 0.359375 0.034375 0.05
0 0.734375 0.33125 0.0328125 0.04375
0 0.759375 0.2828125 0.0359375 0.059375
0 0.8515625 0.3421875 0.05 0.06875
0 0.8953125 0.3984375 0.05 0.046875
0 0.821875 0.44375 0.05 0.04375
0 0.2484375 0.65 0.05625 0.04375
0 0.1953125 0.8359375 0.040625 0.046875
0 0.975 0.8625 0.05 0.075
0 0.9859375 0.95859375 0.028125 0.0765625
0 0.64375 0.796875 0.08125 0.0828125
0 0.43046875 0.71796875 0.0234375 0.0609375
0 0.43203125 0.771875 0.0265625 0.059375