0 0.1921875 0.234375 0.06875 0.084375
0 0.1625 0.3203125 0.08125 0.06875
0 0.21875 0.278125 0.046875 0.040625
0 0.2546875 0.3015625 0.10625 0.090625
0 0.91953125 0.38984375 0.1203125 0.0796875
0 0.7125 0.31875 0.0984375 0.1046875
0 0.6015625 0.259375 0.125 0.1234375
0 0.5234375 0.28203125 0.028125 0.0921875
0 0.4375 0.9734375 0.05 0.053125
0 0.48828125 0.92265625 0.0421875 0.0453125
0 0.925 0.7109375 0.15 0.134375
0 0.796875 0.753125 0.1125 0.103125
0 0.8375 0.6234375 0.1 0.1125
0 0.8796875 0.6859375 0.065625 0.0578125