0 0.2765625 0.0890625 0.096875 0.0984375
0 0.275 0.0203125 0.090625 0.040625
0 0.44140625 0.0171875 0.1171875 0.034375
0 0.940625 0.5125 0.11875 0.053125
0 0.865625 0.4203125 0.240625 0.1703125
0 0.97734375 0.23203125 0.0453125 0.1609375
0 0.6296875 0.36875 0.171875 0.1625
0 0.9390625 0.1421875 0.121875 0.04375
1 0.728125 0.3296875 0.4125 0.41875
0 0.1765625 0.6515625 0.13125 0.1234375
0 0.87578125 0.98203125 0.1484375 0.0359375
0 0.8703125 0.89375 0.234375 0.1390625
1 0.78671875 0.75 0.4265625 0.421875