0 0.103125 0.3828125 0.0921875 0.084375
0 0.728125 0.5 0.0390625 0.059375
0 0.63046875 0.365625 0.0421875 0.046875
0 0.6421875 0.41875 0.0296875 0.040625
0 0.6921875 0.3390625 0.034375 0.05
0 0.625 0.3109375 0.03125 0.04375
0 0.65 0.2625 0.0359375 0.059375
0 0.9890625 0.1375 0.021875 0.05625
0 0.7421875 0.321875 0.05 0.06875
0 0.7859375 0.378125 0.05 0.046875
0 0.7125 0.4234375 0.05 0.04375
0 0.83125 0.91875 0.0515625 0.0375
0 0.8703125 0.878125 0.0515625 0.05625
0 0.9890625 0.8703125 0.021875 0.040625