0 0.4453125 0.3375 0.0125 0.04375
0 0.5578125 0.3171875 0.0421875 0.053125
0 0.01328125 0.8421875 0.0265625 0.053125
0 0.1328125 0.475 0.0375 0.03125
0 0.165625 0.5359375 0.053125 0.040625
0 0.1171875 0.59375 0.0421875 0.0484375
0 0.1671875 0.634375 0.0421875 0.06875
0 0.209375 0.6078125 0.03125 0.046875
0 0.275 0.6078125 0.03125 0.040625
0 0.265625 0.6578125 0.034375 0.0546875
0 0.253125 0.5640625 0.034375 0.0484375
0 0.2296875 0.5234375 0.0328125 0.0359375
0 0.2859375 0.51171875 0.10625 0.1046875