0 0.109375 0.378125 0.0921875 0.09375
0 0.1140625 0.290625 0.090625 0.08125
0 0.01328125 0.64765625 0.0265625 0.0671875
0 0.01015625 0.70625 0.0203125 0.046875
0 0.046875 0.75 0.05 0.053125
0 0.0859375 0.69375 0.0375 0.05625
0 0.1234375 0.6515625 0.0515625 0.0765625
0 0.178125 0.6828125 0.05 0.0546875
0 0.140625 0.7578125 0.06875 0.0515625
0 0.1890625 0.8234375 0.05 0.0390625
0 0.0890625 0.790625 0.0421875 0.0390625
0 0.04921875 0.840625 0.0984375 0.1625
0 0.5109375 0.67890625 0.203125 0.2078125