0 0.2859375 0.1453125 0.1078125 0.121875
0 0.35 0.2 0.1140625 0.0703125
0 0.14375 0.421875 0.1 0.1140625
0 0.140625 0.5328125 0.1046875 0.10625
0 0.328125 0.4203125 0.1328125 0.1453125
0 0.7359375 0.4484375 0.096875 0.0984375
0 0.734375 0.3421875 0.090625 0.115625
0 0.921875 0.1578125 0.1 0.0703125
0 0.859375 0.14375 0.0859375 0.0578125
0 0.903125 0.334375 0.121875 0.1203125
0 0.0640625 0.8453125 0.1203125 0.125
0 0.078125 0.9546875 0.109375 0.090625
0 0.3125 0.6109375 0.11875 0.021875
0 0.278125 0.8421875 0.1546875 0.16875
0 0.975 0.91171875 0.05 0.0796875
1 0.8109375 0.9265625 0.30625 0.146875