0 0.4078125 0.07265625 0.04375 0.0890625
0 0.12421875 0.021875 0.1328125 0.04375
0 0.38125 0.03828125 0.096875 0.0765625
0 0.36875 0.1125 0.0625 0.05
0 0.2265625 0.075 0.15625 0.15
0 0.775 0.028125 0.1046875 0.046875
0 0.95625 0.04375 0.0875 0.0875
0 0.3546875 0.93828125 0.121875 0.1234375
0 0.71953125 0.56015625 0.1046875 0.0828125
0 0.646875 0.6640625 0.071875 0.0703125
0 0.4828125 0.7546875 0.0921875 0.0921875
0 0.8578125 0.5765625 0.134375 0.115625
0 0.9453125 0.5390625 0.075 0.040625
0 0.66875 0.775 0.1890625 0.14375
0 0.784375 0.771875 0.103125 0.1234375