0 0.4171875 0.40625 0.1203125 0.0953125
1 0.60625 0.4515625 0.09375 0.05625
1 0.56015625 0.4125 0.0609375 0.075
0 0.2484375 0.834375 0.0328125 0.053125
0 0.403125 0.528125 0.053125 0.040625
0 0.3546875 0.5859375 0.0421875 0.0484375
0 0.4046875 0.6265625 0.0421875 0.06875
0 0.446875 0.6 0.03125 0.046875
0 0.5125 0.6 0.03125 0.040625
0 0.503125 0.65 0.034375 0.0546875
0 0.490625 0.55625 0.034375 0.0484375
0 0.4671875 0.515625 0.0328125 0.0359375
0 0.5 0.51796875 0.059375 0.0765625
0 0.6953125 0.95 0.028125 0.028125
0 0.765625 0.928125 0.0328125 0.025