0 0.415625 0.4296875 0.1453125 0.1484375
0 0.1953125 0.7921875 0.10625 0.153125
0 0.35 0.8625 0.0390625 0.059375
0 0.25 0.728125 0.046875 0.046875
0 0.2640625 0.78125 0.0296875 0.040625
0 0.3140625 0.7015625 0.034375 0.05
0 0.246875 0.6734375 0.0328125 0.04375
0 0.271875 0.625 0.0359375 0.059375
0 0.3640625 0.684375 0.05 0.06875
0 0.4078125 0.740625 0.05 0.046875
0 0.334375 0.7859375 0.05 0.04375
0 0.853125 0.60859375 0.05625 0.0390625
0 0.74296875 0.603125 0.0546875 0.028125
0 0.74375 0.6375 0.0453125 0.04375